.Random.seed <-
c(403L, 10L, 678609780L, -1516822694L, 1173166501L, -1077832257L, 
183092806L, 1801774288L, -1015046413L, -781465583L, -76190144L, 
-1329839586L, 760859881L, 328922651L, -1860745686L, 1092770124L, 
-1402952945L, 297211461L, 158224380L, -420219310L, -232748083L, 
1862837639L, -1096998802L, -366815160L, 1200847435L, -1503938647L, 
-1345480968L, 2065064486L, 1651161921L, -1386929965L, 33129602L, 
-753933644L, -417868233L, -748454611L, -1332169148L, 449031018L, 
-413542443L, -529378961L, -95683466L, 1209374624L, -140832669L, 
-1398328063L, 1064130672L, 1588159502L, 1916933241L, -2100296693L, 
-1325880006L, 1659071548L, 1666190207L, -1924433707L, -1756373780L, 
-2064804286L, -574387811L, 510856215L, -2014908034L, -1197152456L, 
1217400859L, -706944647L, 1327679432L, -684258314L, 1613184561L, 
-1184851869L, -1372882894L, -1841392252L, -606454841L, -894046563L, 
910165524L, -374915910L, 1911949573L, -1706956065L, -50808986L, 
-1930973456L, 369980947L, 629022641L, 1892829792L, 898996222L, 
-1664354423L, -354475845L, -1768104822L, 998801260L, -429265681L, 
-1261172955L, -2043391524L, -1686556750L, -762349907L, -114717081L, 
17804686L, 1439976040L, 1569261163L, 334454793L, -373293416L, 
-622343738L, -457869023L, 468105651L, -1624693470L, 11419412L, 
-154564713L, 614074253L, 350247588L, 341939338L, 1902152437L, 
1319746895L, -509863338L, 935610624L, 1923361859L, -506707999L, 
1118981968L, -1709530706L, 133869401L, -93706901L, 630025434L, 
672785820L, -464098913L, 2068982773L, -1789416820L, 1755037538L, 
-927400131L, 2122561463L, -624995234L, 1982671256L, -1328780037L, 
-822499175L, 571832616L, -1667653674L, -552842159L, 1251960579L, 
1439624850L, 503704612L, -1435626777L, 316147517L, -1200253004L, 
-966534118L, 1949402981L, 1817254399L, -1756138362L, 373643280L, 
-98350413L, 532121937L, 292227328L, -178697250L, 1120475177L, 
-626749477L, 263539946L, -1936835956L, -1563720241L, -1079862907L, 
-1807334852L, 565851922L, -1432830963L, -1265338553L, 1448441134L, 
-1708432248L, 1815581067L, -1587164823L, 1878549304L, -1656680986L, 
-509830783L, 548629779L, 2121575106L, 1089959284L, -1797241481L, 
1525821037L, -1586126588L, 1525273642L, -518657643L, 11877935L, 
1902385974L, -956382368L, -190404189L, -1059251519L, 1185960624L, 
2037173710L, 415572281L, -733881013L, -986474758L, 1042438140L, 
-2114947009L, -36994795L, 995740204L, -998787326L, 906146781L, 
-257917225L, -887068226L, 1766001656L, -262053925L, 1863684665L, 
220599176L, 131896118L, -1935085199L, 1697581987L, -719226126L, 
1433868868L, 763462919L, 1924529373L, -1176585772L, 916462842L, 
841704517L, 1346557087L, 1573369382L, -1028836688L, -912359597L, 
-1891661199L, -1670416480L, 1914724158L, 159721033L, -1346616581L, 
745505482L, 621634604L, -1781785553L, 1110144229L, -2011513444L, 
862404594L, -1400841619L, -528801881L, -1591713330L, -680491224L, 
590925099L, -1676230839L, 1457955928L, 1890246918L, 2033851617L, 
-478208909L, -1649162014L, 1674874964L, -25168553L, 925656397L, 
1009440996L, 299345098L, 407128373L, -1631879024L, -1351462020L, 
-163299052L, -1155356350L, -487794432L, 35458492L, 177293648L, 
-229279454L, 2065408584L, -1191434228L, -1084709284L, 1660893650L, 
1103261184L, 17771860L, 302726376L, 1388067066L, -1602887984L, 
-15926484L, 2034436340L, 174678418L, 230786400L, -362789876L, 
-1391371040L, -1068936606L, 777876648L, 1001161804L, -1029312644L, 
-37656270L, -2137939344L, -802557116L, 2018175960L, -457344134L, 
1625585712L, 1637879740L, 2091825748L, -1561149374L, 2059650720L, 
1961824956L, 1021879248L, -474090142L, -755892504L, 727162060L, 
-2082756100L, -436220430L, 831487104L, 1438370292L, -2106109304L, 
-1693041862L, 1733748048L, -1803221908L, 27024788L, 1166157906L, 
1574489568L, -1666464564L, -1719693664L, -654106238L, -86036248L, 
-1440404756L, -1922867908L, -1518778254L, 393130608L, -1780729308L, 
29575224L, -1778939622L, -507677488L, -563844804L, -1061686380L, 
-544925822L, 2030672832L, -1314236868L, -891596400L, 2100656162L, 
-1712481016L, 1640777868L, 1040318236L, -598934382L, 1563037056L, 
1959383060L, 60540712L, -579668422L, 1496336848L, -1091550868L, 
1930087348L, -1186721262L, -584439840L, 1043384780L, -2133784352L, 
524833826L, 587381544L, -511935988L, 707261244L, 769251314L, 
1367606000L, 1878858308L, 1812514392L, 1604216634L, -775333904L, 
793889468L, -1865280236L, 504708290L, 58739808L, 832834940L, 
-1465794608L, -565143262L, -803828056L, -1847083124L, -1935096644L, 
-780917966L, -1355594176L, 21853364L, 1214356552L, 610672058L, 
1438620176L, 1997937900L, 1224237396L, 1767938834L, 1432602016L, 
411275980L, 1426561632L, -674457662L, -668232920L, -862322260L, 
1718150460L, 1192117106L, -331172560L, 1810276132L, 1436333368L, 
1387787994L, 1537824656L, -793419012L, -1648903276L, 1193411650L, 
255175936L, 2086154300L, 53042512L, 1953363106L, -1137931448L, 
-288489716L, -1009459492L, -1929459886L, -1841695104L, -797740972L, 
633000936L, -1057780998L, 673709392L, 2065368876L, 22334324L, 
-1714838638L, -1550124448L, -1552765044L, -234494112L, -315610142L, 
-1457345624L, -21697332L, 300571132L, 1982439346L, -1938067984L, 
1292430788L, 1157022040L, 1344484730L, 445959600L, 722183100L, 
304035924L, 591523778L, -473004000L, -158359364L, 1561672272L, 
-1458702366L, -1698476440L, 782265932L, -1755113220L, -610959374L, 
1081709824L, 159746932L, 752764936L, -2055075398L, -170709552L, 
-863525908L, -1053500524L, -515249198L, 1535790944L, 663927116L, 
534434080L, 180391810L, -272044312L, 1891821804L, 1043168828L, 
1858589554L, 962655856L, 895781924L, -264536264L, 1774592154L, 
451671760L, 1071617212L, -160269676L, 504318594L, -947711808L, 
-706411204L, 1470388368L, -1552646622L, 1307187720L, 1500558604L, 
-445676900L, -626698734L, -714497664L, 432874004L, 1661320744L, 
474145082L, 1545231312L, 29453932L, 662309684L, -1125551470L, 
103478624L, -9243316L, -434580512L, -681029726L, -668741720L, 
1870892940L, -1654248772L, -847656078L, 1339900144L, 694156356L, 
356851032L, 780685370L, -1316048016L, 554587196L, -1577809132L, 
-1707998499L, 376611594L, -456547800L, 1364138641L, -285521277L, 
-269190268L, 475840946L, 1345445639L, 1386757457L, 49755350L, 
-1695931980L, -1288563259L, 1782535439L, -1999596664L, 1743051430L, 
-844109229L, -904821835L, 243638546L, 1251672800L, -705247415L, 
1155455355L, 848155724L, -1428953638L, 181512143L, 769497497L, 
-438412882L, -478742852L, 1288931117L, -767589161L, 2100505888L, 
693590654L, 365388875L, 1179649613L, -1613095814L, 813751480L, 
2025068129L, 1027345427L, -2110469580L, 1275518018L, 1908266071L, 
-2050900063L, -1268592538L, -500103068L, 138896277L, 1893663935L, 
-679934888L, -2070970250L, 149639299L, 2034073797L, 942693858L, 
379724880L, -563024519L, 224039595L, 1932225052L, -336997046L, 
16248127L, -1573114999L, 1653359518L, -46808500L, 1184343069L, 
1857232295L, 1151217872L, 682984046L, 172186907L, -77076867L, 
709616746L, -1532874488L, 1147626929L, 1037632035L, 1679566628L, 
-1400594478L, -2108797913L, -1258854799L, -1071809354L, 1758817364L, 
599315685L, 965034223L, -1182809048L, 1819725958L, 1187482291L, 
2021903381L, 128642674L, 1579879104L, 1006792489L, -463872613L, 
-953505172L, -1216258438L, -267006033L, 1673255609L, 663532750L, 
480644636L, -1983695475L, 2046481399L, -641460480L, 1662647646L, 
-314096085L, -590419667L, -459573862L, -520232104L, -1154770239L, 
1322667379L, -464294252L, -781399262L, 707839543L, -1326890239L, 
2132625926L, -747333564L, 1499175285L, -1386808097L, -926269384L, 
1486432278L, -1849583581L, 922167269L, -557571582L, 1318420592L, 
-1409796583L, 346286091L, -680893700L, 1453011754L, 1284666719L, 
-878433047L, 1661529086L, 1286199276L, -1591954627L, -1314963705L, 
-2041751824L, 948287118L, -296652613L, 887182493L, 241354826L, 
-505496984L, -1459169711L, 1567206723L, -90039228L, 1086992114L, 
-1329490233L, -767148911L, 2036429334L, -1917247372L, 928842501L, 
-1098495665L, 459463496L, 100498150L, 1073556499L, 1880159093L, 
-538934446L, 727323552L, 125531785L, -290979141L, 1530231052L, 
